GPU: NVIDIA GeForce 930M
CPU: Intel(R) Pentium(R) CPU 3825U @ 1.90GHz
Python - numba/numpy
blockspergrid_x=2
blockspergrid_y=2
Count	CPU	GPU

10	0.0	0.01699209213256836

11	0.0	0.018990039825439453

12	0.0	0.009991168975830078

13	0.0	0.010994911193847656

14	0.0	0.010987281799316406

15	0.0	0.00799417495727539

16	0.0010001659393310547	0.008996248245239258

17	0.0	0.007999420166015625

18	0.0	0.00899362564086914

19	0.0	0.011993885040283203

20	0.0	0.012363195419311523

21	0.0	0.010022878646850586

22	0.0	0.011003732681274414

23	0.0	0.008994102478027344

24	0.0	0.009988069534301758

25	0.0	0.009990215301513672

26	0.0	0.013007879257202148

27	0.0	0.009998321533203125

28	0.0	0.010010480880737305

29	0.0	0.016000747680664062

30	0.0	0.010952472686767578

31	0.0	0.010976314544677734

32	0.0	0.010991334915161133

33	0.0	0.01899409294128418

34	0.0	0.00998544692993164

35	0.0	0.010992050170898438

36	0.0	0.010013818740844727

37	0.0	0.008996963500976562

38	0.0	0.011005163192749023

39	0.0	0.00900125503540039

40	0.0	0.010996580123901367

41	0.0	0.014985322952270508

42	0.0	0.013997316360473633

43	0.0009999275207519531	0.0189816951751709

44	0.0	0.011998891830444336

45	0.0	0.011988162994384766

46	0.0	0.01099705696105957

47	0.0009992122650146484	0.010001182556152344

48	0.0	0.014216423034667969

49	0.0	0.011998414993286133

50	0.0	0.012998342514038086

51	0.006998538970947266	0.022988557815551758

52	0.0	0.010988950729370117

53	0.0	0.01199650764465332

54	0.0	0.009992837905883789

55	0.002000570297241211	0.009005546569824219

56	0.0	0.012995481491088867

57	0.0009963512420654297	0.010991096496582031

58	0.0010008811950683594	0.013003110885620117

59	0.0009999275207519531	0.016986370086669922

60	0.0009970664978027344	0.010001420974731445

61	0.0	0.008992671966552734

62	0.0010004043579101562	0.012988805770874023

63	0.0	0.00999760627746582

64	0.001001119613647461	0.009999275207519531

65	0.0010013580322265625	0.011986970901489258

66	0.0	0.017994165420532227

67	0.0	0.016997337341308594

68	0.0020074844360351562	0.014994621276855469

69	0.000995635986328125	0.00800013542175293

70	0.0010004043579101562	0.011423349380493164

71	0.0	0.011961698532104492

72	0.0029993057250976562	0.009993791580200195

73	0.0	0.01199030876159668

74	0.0	0.01299142837524414

75	0.0019981861114501953	0.01408696174621582

76	0.0	0.012995004653930664

77	0.0019965171813964844	0.011992692947387695

78	0.0	0.010996103286743164

79	0.0	0.010991334915161133

80	0.0	0.012984275817871094

81	0.0019960403442382812	0.010986804962158203

82	0.000995635986328125	0.009990930557250977

83	0.0009970664978027344	0.01198887825012207

84	0.0009965896606445312	0.01999044418334961

85	0.0009951591491699219	0.01700448989868164

86	0.0	0.013979434967041016

87	0.0009999275207519531	0.010992765426635742

88	0.0	0.010996341705322266

89	0.002003192901611328	0.0159912109375

90	0.0	0.011991739273071289

91	0.002000093460083008	0.013995647430419922

92	0.0	0.014993906021118164

93	0.002994060516357422	0.012993335723876953

94	0.0009982585906982422	0.009987115859985352

95	0.0010001659393310547	0.011013984680175781

96	0.00196075439453125	0.00899815559387207

97	0.0009799003601074219	0.011973857879638672

98	0.0009970664978027344	0.011981725692749023

99	0.001995563507080078	0.011962890625

100	0.0029799938201904297	0.010011434555053711

101	0.0010051727294921875	0.013004541397094727

102	0.0019996166229248047	0.012007951736450195

103	0.0019943714141845703	0.009992122650146484

104	0.0029947757720947266	0.013976097106933594

105	0.0009989738464355469	0.013991832733154297

106	0.003960847854614258	0.012999773025512695

107	0.0010037422180175781	0.009981155395507812

108	0.003991842269897461	0.014989137649536133

109	0.0019991397857666016	0.012988567352294922

110	0.0009984970092773438	0.011003971099853516

111	0.0009980201721191406	0.012993097305297852

112	0.0009975433349609375	0.012998819351196289

113	0.0019936561584472656	0.011995553970336914

114	0.0029964447021484375	0.011977672576904297

115	0.003000020980834961	0.013996362686157227

116	0.0019960403442382812	0.017996788024902344

117	0.0019981861114501953	0.016978025436401367

118	0.0009980201721191406	0.01598811149597168

119	0.001996278762817383	0.011995077133178711

120	0.0029909610748291016	0.011000394821166992

121	0.000995635986328125	0.012997150421142578

122	0.0009980201721191406	0.015992164611816406

123	0.003990888595581055	0.024977684020996094

124	0.002995014190673828	0.01299738883972168

125	0.00099945068359375	0.015775680541992188

126	0.0	0.012509584426879883

127	0.0010006427764892578	0.011001110076904297

128	0.0020058155059814453	0.013748407363891602

129	0.002986907958984375	0.013017654418945312

130	0.0009965896606445312	0.016996145248413086

131	0.001994609832763672	0.016994714736938477

132	0.0019974708557128906	0.01298666000366211

133	0.00400233268737793	0.012987852096557617

134	0.0019986629486083984	0.012990951538085938

135	0.001983642578125	0.011995315551757812

136	0.000997304916381836	0.015989303588867188

137	0.004003047943115234	0.013990640640258789

138	0.0029942989349365234	0.017992258071899414

139	0.002997159957885742	0.019984006881713867

140	0.003989458084106445	0.01499795913696289

141	0.002994537353515625	0.016983747482299805

142	0.002003908157348633	0.01653885841369629

143	0.0029997825622558594	0.014987468719482422

144	0.0029997825622558594	0.016988754272460938

145	0.0020029544830322266	0.015395164489746094

146	0.004002094268798828	0.011003971099853516

147	0.002992391586303711	0.0149993896484375

148	0.0019965171813964844	0.014989614486694336

149	0.0049974918365478516	0.015994548797607422

150	0.004996776580810547	0.019988298416137695

151	0.004002094268798828	0.016983509063720703

152	0.002000570297241211	0.012996912002563477

153	0.0030176639556884766	0.014987945556640625

154	0.003993988037109375	0.014991283416748047

155	0.00899362564086914	0.015996217727661133

156	0.003993988037109375	0.022991657257080078

157	0.0050013065338134766	0.011997699737548828

158	0.0040035247802734375	0.01517629623413086

159	0.002000093460083008	0.016976594924926758

160	0.004974365234375	0.016988515853881836

161	0.004992485046386719	0.017971038818359375

162	0.003998279571533203	0.01798725128173828

163	0.003957986831665039	0.015012502670288086

164	0.003957509994506836	0.017971277236938477

165	0.00598597526550293	0.018976688385009766

166	0.003977060317993164	0.014011859893798828

167	0.004995584487915039	0.019987106323242188

168	0.0040013790130615234	0.015000581741333008

169	0.003988981246948242	0.014005661010742188

170	0.004957914352416992	0.020964860916137695

171	0.005991220474243164	0.01798844337463379

172	0.008991718292236328	0.013999462127685547

173	0.004993915557861328	0.017001628875732422

174	0.003988504409790039	0.018991708755493164

175	0.0069980621337890625	0.02597522735595703

176	0.0049860477447509766	0.022988080978393555

177	0.008994340896606445	0.019977807998657227

178	0.005997419357299805	0.0199892520904541

179	0.009994745254516602	0.020984411239624023

180	0.009996175765991211	0.017988920211791992

181	0.007991552352905273	0.018987178802490234

182	0.004993915557861328	0.025992631912231445

183	0.007991790771484375	0.024988889694213867

184	0.005998373031616211	0.03098273277282715

185	0.007992029190063477	0.01999187469482422

186	0.007994413375854492	0.023987531661987305

187	0.005995273590087891	0.017000198364257812

188	0.0059947967529296875	0.022380352020263672

189	0.007004737854003906	0.02124810218811035

190	0.00499725341796875	0.016989469528198242

191	0.00500178337097168	0.01881861686706543

192	0.004997968673706055	0.020987510681152344

193	0.004995107650756836	0.021989822387695312

194	0.008992910385131836	0.025981664657592773

195	0.0049932003021240234	0.01699209213256836

196	0.004996776580810547	0.017422914505004883

197	0.006996631622314453	0.019977092742919922

198	0.010996341705322266	0.014995813369750977

199	0.005995035171508789	0.01898503303527832

200	0.006995439529418945	0.01911330223083496

201	0.004987239837646484	0.016994714736938477

202	0.006990194320678711	0.027976512908935547

203	0.009991884231567383	0.021991968154907227

204	0.0089874267578125	0.01999068260192871

205	0.008992671966552734	0.027986764907836914

206	0.009989023208618164	0.023981332778930664

207	0.006994009017944336	0.016983747482299805

208	0.007003307342529297	0.020993947982788086

209	0.007996797561645508	0.016995906829833984

210	0.0070018768310546875	0.02155780792236328

211	0.011991262435913086	0.021992206573486328

212	0.009993553161621094	0.025986671447753906

213	0.008995532989501953	0.021989107131958008

214	0.00799107551574707	0.017316102981567383

215	0.007986068725585938	0.01699090003967285

216	0.0069882869720458984	0.026149272918701172

217	0.008993864059448242	0.01899576187133789

218	0.006987333297729492	0.019984006881713867

219	0.009982585906982422	0.02098560333251953

220	0.00698542594909668	0.0229799747467041

221	0.01398777961730957	0.019991159439086914

222	0.007978439331054688	0.020986557006835938

223	0.007984399795532227	0.019985437393188477

224	0.007984399795532227	0.020988941192626953

225	0.009987115859985352	0.023912906646728516

226	0.007987499237060547	0.01899123191833496

227	0.009986400604248047	0.022991418838500977

228	0.009985208511352539	0.02698493003845215

229	0.008991003036499023	0.01897740364074707

230	0.012992143630981445	0.023584842681884766

231	0.009989500045776367	0.01997852325439453

232	0.011992216110229492	0.01998448371887207

233	0.00899958610534668	0.02096104621887207

234	0.008990049362182617	0.01999354362487793

235	0.013992786407470703	0.020749330520629883

236	0.011993169784545898	0.01978778839111328

237	0.014993667602539062	0.019986391067504883

238	0.009986639022827148	0.02239847183227539

239	0.009981870651245117	0.02398848533630371

240	0.008989095687866211	0.021414995193481445

241	0.0089874267578125	0.01868414878845215

242	0.011991262435913086	0.02298593521118164

243	0.011987686157226562	0.02499556541442871

244	0.00999140739440918	0.02698373794555664

245	0.011990785598754883	0.020987272262573242

246	0.011992931365966797	0.027982473373413086

247	0.012984752655029297	0.026992321014404297

248	0.008991479873657227	0.022983789443969727

249	0.012993574142456055	0.020983219146728516

250	0.010991573333740234	0.026984691619873047

251	0.011994600296020508	0.024303913116455078

252	0.011988401412963867	0.02198958396911621

253	0.010979890823364258	0.022988080978393555

254	0.012983560562133789	0.022984743118286133

255	0.01197504997253418	0.0289764404296875

256	0.01098322868347168	0.019988298416137695

257	0.012987136840820312	0.024630069732666016

258	0.013988971710205078	0.03399229049682617

259	0.020990848541259766	0.025980710983276367

260	0.012993574142456055	0.030969858169555664

261	0.01598525047302246	0.026998519897460938

262	0.015991926193237305	0.02799510955810547

263	0.01898956298828125	0.024882793426513672

264	0.011990070343017578	0.029821395874023438

265	0.014990568161010742	0.029983043670654297

266	0.015993833541870117	0.026584863662719727

267	0.01597428321838379	0.022977352142333984

268	0.018985271453857422	0.023980379104614258

269	0.015980243682861328	0.0269775390625

270	0.016982078552246094	0.02498650550842285

271	0.017981767654418945	0.03497576713562012

272	0.016985654830932617	0.0259854793548584

273	0.014981269836425781	0.02998495101928711

274	0.021986961364746094	0.03459882736206055

275	0.01498270034790039	0.02398824691772461

276	0.015990734100341797	0.03098273277282715

277	0.014987468719482422	0.0319819450378418

278	0.017991065979003906	0.024992942810058594

279	0.0169832706451416	0.02898120880126953

280	0.017993927001953125	0.030984163284301758

281	0.01999044418334961	0.023987293243408203

282	0.020990848541259766	0.03598165512084961

283	0.020992755889892578	0.030989646911621094

284	0.01899266242980957	0.026980876922607422

285	0.02898383140563965	0.03198051452636719

286	0.020984649658203125	0.028981924057006836

287	0.018503427505493164	0.029607534408569336

288	0.019989490509033203	0.031983375549316406

289	0.021984577178955078	0.026990413665771484

290	0.01698446273803711	0.025982141494750977

291	0.01598644256591797	0.031070470809936523

292	0.019977569580078125	0.02898383140563965

293	0.02098536491394043	0.03215312957763672

294	0.019981861114501953	0.030987977981567383

295	0.018985271453857422	0.030902862548828125

296	0.01897883415222168	0.027987003326416016

297	0.025956392288208008	0.03298068046569824

298	0.022968769073486328	0.02998495101928711

299	0.017982006072998047	0.030737638473510742

300	0.020982742309570312	0.028990745544433594

301	0.022991180419921875	0.03497672080993652

302	0.020989656448364258	0.028761863708496094

303	0.02498459815979004	0.02799081802368164

304	0.0269773006439209	0.03497576713562012

305	0.021979331970214844	0.027978897094726562

306	0.02496933937072754	0.0359957218170166

307	0.025971651077270508	0.029979944229125977

308	0.023976564407348633	0.031983375549316406

309	0.026978492736816406	0.030644893646240234

310	0.022983074188232422	0.03397727012634277

311	0.021977901458740234	0.027989625930786133

312	0.025980472564697266	0.03269028663635254

313	0.02398514747619629	0.03174448013305664

314	0.02497696876525879	0.027994394302368164

315	0.025981903076171875	0.03897380828857422

316	0.02797722816467285	0.027981042861938477

317	0.027981042861938477	0.02897191047668457

318	0.035977840423583984	0.04398155212402344

319	0.023976802825927734	0.026982545852661133

320	0.02898573875427246	0.029987812042236328

321	0.02498459815979004	0.03318905830383301

322	0.02897477149963379	0.02799248695373535

323	0.0269927978515625	0.030971765518188477

324	0.029979467391967773	0.032985687255859375

325	0.03197193145751953	0.03098607063293457

326	0.025993824005126953	0.03496289253234863

327	0.027977943420410156	0.02898430824279785

328	0.030988454818725586	0.039170026779174805

329	0.025973081588745117	0.03394484519958496

330	0.028985023498535156	0.0259854793548584

331	0.03097844123840332	0.03297686576843262

332	0.03098893165588379	0.03597831726074219

333	0.028980255126953125	0.031989336013793945

334	0.03796982765197754	0.041980743408203125

335	0.029979705810546875	0.041982412338256836

336	0.03598165512084961	0.037981510162353516

337	0.03797197341918945	0.04097580909729004

338	0.031973838806152344	0.04198265075683594

339	0.05594968795776367	0.038987159729003906

340	0.030491352081298828	0.03298664093017578

341	0.055960655212402344	0.05196881294250488

342	0.14597225189208984	0.06601691246032715

343	0.13811659812927246	0.05197930335998535

344	0.06410741806030273	0.04682183265686035

345	0.04996299743652344	0.043972015380859375

346	0.042968034744262695	0.03897237777709961

347	0.044969797134399414	0.03297734260559082

348	0.05196237564086914	0.1736142635345459

349	0.044965505599975586	0.037981271743774414

350	0.042971134185791016	0.038973093032836914

351	0.045975685119628906	0.03999829292297363

352	0.038968801498413086	0.03199148178100586

353	0.03398704528808594	0.03398489952087402

354	0.03898739814758301	0.03697776794433594

355	0.039975881576538086	0.03198409080505371

356	0.04197549819946289	0.035980939865112305

357	0.036974430084228516	0.03397870063781738

358	0.03597259521484375	0.03098154067993164

359	0.0359799861907959	0.03716540336608887

360	0.03296518325805664	0.03197956085205078

361	0.036972761154174805	0.036978960037231445

362	0.032973527908325195	0.03697824478149414

363	0.03697657585144043	0.0339808464050293

364	0.044969797134399414	0.033556222915649414

365	0.039975881576538086	0.03414344787597656

366	0.03897738456726074	0.032989501953125

367	0.040978431701660156	0.036581993103027344

368	0.038979530334472656	0.03529524803161621

369	0.0399782657623291	0.03297734260559082

370	0.04097437858581543	0.04026532173156738

371	0.03697824478149414	0.031981468200683594

372	0.048972368240356445	0.03797650337219238

373	0.03997445106506348	0.03676414489746094

374	0.04098153114318848	0.035985469818115234

375	0.03897809982299805	0.037978172302246094

376	0.04196882247924805	0.0405726432800293

377	0.042969465255737305	0.03498721122741699

378	0.03997635841369629	0.032975196838378906

379	0.044970035552978516	0.042978763580322266

380	0.0439755916595459	0.033974409103393555

381	0.039978742599487305	0.040483951568603516

382	0.04197502136230469	0.03898453712463379

383	0.04296278953552246	0.03851008415222168

384	0.044975996017456055	0.03798723220825195

385	0.04497265815734863	0.034987449645996094

386	0.045969486236572266	0.03598523139953613

387	0.04795551300048828	0.0419766902923584

388	0.04797053337097168	0.035986900329589844

389	0.04596900939941406	0.03995323181152344

390	0.04597616195678711	0.04298520088195801

391	0.04697299003601074	0.03598451614379883

392	0.04597306251525879	0.0405728816986084

393	0.04797244071960449	0.03399324417114258

394	0.05296921730041504	0.03711223602294922

395	0.04897046089172363	0.03798079490661621

396	0.04696512222290039	0.03497791290283203

397	0.05196690559387207	0.038979291915893555

398	0.05197262763977051	0.03751492500305176

399	0.04895758628845215	0.03698158264160156

400	0.04997563362121582	0.04098248481750488

401	0.05596137046813965	0.04298543930053711

402	0.04896855354309082	0.03698229789733887

403	0.04896831512451172	0.04196786880493164

404	0.052969932556152344	0.03598427772521973

405	0.05595278739929199	0.03597736358642578

406	0.053954124450683594	0.03697395324707031

407	0.05097007751464844	0.03598499298095703

408	0.0569610595703125	0.04521894454956055

409	0.05195927619934082	0.04496645927429199

410	0.05196714401245117	0.03499007225036621

411	0.05596613883972168	0.03698015213012695

412	0.05596470832824707	0.03897356986999512

413	0.05197024345397949	0.03498125076293945

414	0.06696224212646484	0.04597210884094238

415	0.05696702003479004	0.035982370376586914

416	0.0529782772064209	0.040959835052490234

417	0.05796504020690918	0.0376286506652832

418	0.05795884132385254	0.03896784782409668

419	0.052964210510253906	0.03897881507873535

420	0.05596303939819336	0.03897857666015625

421	0.058965206146240234	0.0419766902923584

422	0.059949398040771484	0.040778398513793945

423	0.05996537208557129	0.039420366287231445

424	0.055968284606933594	0.03697681427001953

425	0.0579676628112793	0.04130887985229492

426	0.06395983695983887	0.04297757148742676

427	0.06595420837402344	0.04601573944091797

428	0.06495261192321777	0.04794883728027344

429	0.06895899772644043	0.03898310661315918

430	0.10194015502929688	0.05797410011291504

431	0.06595325469970703	0.04097914695739746

432	0.0759580135345459	0.04297804832458496

433	0.06394672393798828	0.04157304763793945

434	0.06496000289916992	0.04097628593444824

435	0.06296849250793457	0.03498530387878418

436	0.06895709037780762	0.04497075080871582

437	0.06695795059204102	0.03997683525085449

438	0.07395505905151367	0.04397892951965332

439	0.06995630264282227	0.045928239822387695

440	0.07647466659545898	0.0419774055480957

441	0.09594202041625977	0.0589749813079834

442	0.09993600845336914	0.04997444152832031

443	0.07795143127441406	0.04297685623168945

444	0.07895374298095703	0.044975996017456055

445	0.07395577430725098	0.0469670295715332

446	0.06995320320129395	0.043973684310913086

447	0.06795525550842285	0.04549050331115723

448	0.07695531845092773	0.038984060287475586

449	0.07296013832092285	0.0439755916595459

450	0.0789494514465332	0.04697012901306152

451	0.07795381546020508	0.04297471046447754

452	0.0809481143951416	0.0458223819732666

453	0.06994843482971191	0.04190421104431152

454	0.07395696640014648	0.045972347259521484

455	0.07395601272583008	0.04243659973144531

456	0.0709536075592041	0.04298233985900879

457	0.07195305824279785	0.04097461700439453

458	0.07694172859191895	0.04756784439086914

459	0.06995320320129395	0.03898000717163086

460	0.08793234825134277	0.04847216606140137

461	0.07594752311706543	0.04497480392456055

462	0.07594704627990723	0.04099702835083008

463	0.07395744323730469	0.04285931587219238

464	0.07894015312194824	0.042929649353027344

465	0.08294105529785156	0.03997635841369629

466	0.07894039154052734	0.045958518981933594

467	0.07894301414489746	0.0419769287109375

468	0.0749516487121582	0.04098176956176758

469	0.08094096183776855	0.046460866928100586

470	0.08594441413879395	0.043977975845336914

471	0.07993459701538086	0.043979644775390625

472	0.07894372940063477	0.04398059844970703

473	0.07694864273071289	0.04299211502075195

474	0.08094501495361328	0.04497337341308594

475	0.0919485092163086	0.049976348876953125

476	0.08094954490661621	0.04197955131530762

477	0.08495950698852539	0.04996609687805176

478	0.07894706726074219	0.04376792907714844

479	0.09095096588134766	0.04397463798522949

480	0.0899345874786377	0.04896903038024902

481	0.08594560623168945	0.04297327995300293

482	0.09194278717041016	0.05554533004760742

483	0.0969398021697998	0.04930877685546875

484	0.09694290161132812	0.0629720687866211

485	0.11592268943786621	0.04896855354309082

486	0.08895277976989746	0.04797792434692383

487	0.09194445610046387	0.044982194900512695

488	0.08494448661804199	0.04678964614868164

489	0.09694218635559082	0.04797196388244629

490	0.11292290687561035	0.044982194900512695

491	0.16289496421813965	0.058837175369262695

492	0.09594249725341797	0.04697155952453613

493	0.110931396484375	0.050977230072021484

494	0.08694267272949219	0.047870635986328125

495	0.0879371166229248	0.04697537422180176

496	0.09493613243103027	0.04896426200866699

497	0.09693455696105957	0.046976327896118164

498	0.09193992614746094	0.04597187042236328

499	0.09594106674194336	0.04772353172302246

500	0.09993243217468262	0.046972036361694336

501	0.09593486785888672	0.04397916793823242

502	0.09094023704528809	0.05297565460205078

503	0.09893226623535156	0.04498004913330078

504	0.09793567657470703	0.04587149620056152

505	0.10693049430847168	0.04797244071960449

506	0.09593415260314941	0.04596757888793945

507	0.10992836952209473	0.04797625541687012

508	0.1009373664855957	0.051995277404785156

509	0.10692906379699707	0.04896664619445801

510	0.09893083572387695	0.048972368240356445

511	0.09993577003479004	0.04938244819641113

512	0.10290265083312988	0.045977115631103516

513	0.09893465042114258	0.05075216293334961

514	0.09893560409545898	0.04596424102783203

515	0.0969395637512207	0.04697561264038086

516	0.10544824600219727	0.04793071746826172

517	0.10993099212646484	0.045632362365722656

518	0.10692477226257324	0.050978660583496094

519	0.1029365062713623	0.04996991157531738

520	0.10194087028503418	0.04498124122619629

521	0.10893082618713379	0.04696965217590332

522	0.10193395614624023	0.0473332405090332

523	0.10792756080627441	0.04597353935241699

524	0.11192965507507324	0.05102205276489258

525	0.11092519760131836	0.04597949981689453

526	0.10692954063415527	0.04838681221008301

527	0.11545729637145996	0.04915595054626465

528	0.11589574813842773	0.0489659309387207

529	0.11544466018676758	0.05097651481628418

530	0.11544346809387207	0.05147981643676758

531	0.1129300594329834	0.04997658729553223

532	0.11792516708374023	0.05121564865112305

533	0.11889886856079102	0.05155205726623535

534	0.11392784118652344	0.04897117614746094

535	0.11493062973022461	0.05251765251159668

536	0.11692166328430176	0.04597282409667969

537	0.11392378807067871	0.04923272132873535

538	0.11992526054382324	0.04891681671142578

539	0.1159355640411377	0.048316001892089844

540	0.12891745567321777	0.05297446250915527

541	0.11892485618591309	0.04896950721740723

542	0.12091255187988281	0.04697370529174805

543	0.12492799758911133	0.04897737503051758

544	0.1219339370727539	0.05222678184509277

545	0.11891913414001465	0.047968387603759766

546	0.12893319129943848	0.053254127502441406

547	0.12591958045959473	0.0479733943939209

548	0.12492775917053223	0.05196118354797363

549	0.11691951751708984	0.04694414138793945

550	0.1349179744720459	0.04896807670593262

551	0.12492632865905762	0.04938840866088867

552	0.1269235610961914	0.04996848106384277

553	0.12691545486450195	0.04897475242614746

554	0.1269228458404541	0.05189394950866699

555	0.13391327857971191	0.052965402603149414

556	0.12891888618469238	0.04586315155029297

557	0.12892746925354004	0.05296587944030762

558	0.13491606712341309	0.05297064781188965

559	0.14190292358398438	0.05296826362609863

560	0.14991450309753418	0.05807161331176758

561	0.13691282272338867	0.05097079277038574

562	0.13192319869995117	0.049971580505371094

563	0.13291454315185547	0.05701732635498047

564	0.12792038917541504	0.04998493194580078

565	0.1379106044769287	0.05596733093261719

566	0.13291072845458984	0.05484151840209961

567	0.13890361785888672	0.05097818374633789

568	0.13490843772888184	0.05856776237487793

569	0.1389150619506836	0.05396676063537598

570	0.14490318298339844	0.055135250091552734

571	0.14290189743041992	0.05179929733276367

572	0.13789677619934082	0.052973270416259766

573	0.1389155387878418	0.05518484115600586

574	0.14090728759765625	0.054857492446899414

575	0.14691734313964844	0.048972129821777344

576	0.13991379737854004	0.05315685272216797

577	0.15097713470458984	0.05694413185119629

578	0.13890838623046875	0.05096435546875

579	0.14390826225280762	0.058962106704711914

580	0.14191079139709473	0.051971435546875

581	0.14891576766967773	0.05627846717834473

582	0.1468954086303711	0.05390453338623047

583	0.14291810989379883	0.05296635627746582

584	0.14391398429870605	0.05497622489929199

585	0.14790678024291992	0.05698132514953613

586	0.14691567420959473	0.050975799560546875

587	0.1409149169921875	0.05396676063537598

588	0.14591455459594727	0.05796408653259277

589	0.15290284156799316	0.05396676063537598

590	0.14891695976257324	0.05860090255737305

591	0.1519019603729248	0.05496621131896973

592	0.15590524673461914	0.055969953536987305

593	0.15489912033081055	0.05855512619018555

594	0.15490126609802246	0.05697226524353027

595	0.15790796279907227	0.05697989463806152

596	0.14890527725219727	0.06146502494812012

597	0.14891409873962402	0.05394601821899414

598	0.1569058895111084	0.0548553466796875

599	0.16290044784545898	0.05597066879272461

600	0.15842509269714355	0.05996370315551758

601	0.1539013385772705	0.06296539306640625

602	0.15990710258483887	0.06096768379211426

603	0.1579117774963379	0.0609586238861084

604	0.15689969062805176	0.058965444564819336

605	0.16589665412902832	0.058973073959350586

606	0.16289877891540527	0.057668209075927734

607	0.16589832305908203	0.05896162986755371

608	0.15943408012390137	0.05696868896484375

609	0.16889524459838867	0.05608654022216797

610	0.16489148139953613	0.05897378921508789

611	0.16590118408203125	0.055249691009521484

612	0.16890525817871094	0.062335968017578125

613	0.1688992977142334	0.05597114562988281

614	0.16489791870117188	0.0599665641784668

615	0.17639470100402832	0.06174182891845703

616	0.16990327835083008	0.054979562759399414

617	0.1738901138305664	0.06239032745361328

618	0.1779012680053711	0.06454849243164062

619	0.17188525199890137	0.055968523025512695

620	0.17189526557922363	0.06096649169921875

621	0.17590117454528809	0.05996227264404297

622	0.17189836502075195	0.057970285415649414

623	0.17490482330322266	0.06194567680358887

624	0.1868910789489746	0.05896639823913574

625	0.17390131950378418	0.0619664192199707

626	0.19987058639526367	0.06596541404724121

627	0.19089317321777344	0.0579681396484375

628	0.18189382553100586	0.06387066841125488

629	0.1813952922821045	0.06277108192443848

630	0.18788528442382812	0.06496620178222656

631	0.21040129661560059	0.06568384170532227

632	0.18840694427490234	0.06468892097473145

633	0.18788361549377441	0.06195831298828125

634	0.18541479110717773	0.06754612922668457

635	0.1794295310974121	0.06296157836914062

636	0.18939733505249023	0.0647439956665039

637	0.1894063949584961	0.06596255302429199

638	0.18888497352600098	0.06396198272705078

639	0.19739985466003418	0.06396150588989258

640	0.1868906021118164	0.06798648834228516

641	0.19787216186523438	0.06297731399536133

642	0.19089555740356445	0.06655049324035645

643	0.1908857822418213	0.06496167182922363

644	0.20040273666381836	0.06496715545654297

645	0.20187878608703613	0.06818056106567383

646	0.1948845386505127	0.06496381759643555

647	0.20987319946289062	0.06595683097839355

648	0.19887733459472656	0.06596541404724121

649	0.19787836074829102	0.06706833839416504

650	0.20288562774658203	0.06945252418518066

651	0.20740079879760742	0.06563591957092285

652	0.21088361740112305	0.06596970558166504

653	0.20986700057983398	0.06528687477111816

654	0.2048797607421875	0.06850576400756836

655	0.20487546920776367	0.06516623497009277

656	0.20686841011047363	0.07114028930664062

657	0.2098698616027832	0.06495976448059082

658	0.2133779525756836	0.06896519660949707

659	0.21186065673828125	0.06895589828491211

660	0.2118849754333496	0.0629723072052002

661	0.20988106727600098	0.06798529624938965

662	0.20986676216125488	0.0700221061706543

663	0.21387100219726562	0.06496381759643555

664	0.21639442443847656	0.06774067878723145

665	0.2209172248840332	0.07164788246154785

666	0.2198643684387207	0.06696271896362305

667	0.22186613082885742	0.07079601287841797

668	0.21986746788024902	0.06797361373901367

669	0.22087502479553223	0.06890082359313965

670	0.22286701202392578	0.06992220878601074

671	0.22238373756408691	0.06996273994445801

672	0.2198631763458252	0.06896543502807617

673	0.21784472465515137	0.06995844841003418

674	0.22585487365722656	0.06596493721008301

675	0.2188565731048584	0.0700216293334961

676	0.22186017036437988	0.07152032852172852

677	0.22386884689331055	0.06997847557067871

678	0.22587084770202637	0.07395696640014648

679	0.23185467720031738	0.06796741485595703

680	0.234375	0.07144665718078613

681	0.23338794708251953	0.0688939094543457

682	0.2338712215423584	0.0669710636138916

683	0.2318439483642578	0.0721595287322998

684	0.23685860633850098	0.07195782661437988

685	0.23587512969970703	0.07095932960510254

686	0.2388477325439453	0.06895804405212402

687	0.2418527603149414	0.073455810546875

688	0.22986841201782227	0.06907796859741211

689	0.23685312271118164	0.07385468482971191

690	0.2418689727783203	0.06897830963134766

691	0.2388601303100586	0.07424235343933105

692	0.23625659942626953	0.07395792007446289

693	0.23984956741333008	0.06996488571166992

694	0.24785876274108887	0.07294631004333496

695	0.2428593635559082	0.07581639289855957

696	0.25237202644348145	0.07097148895263672

697	0.2548542022705078	0.07482671737670898

698	0.24884676933288574	0.07796049118041992

699	0.24185872077941895	0.072967529296875

700	0.24685192108154297	0.07895469665527344

701	0.2708408832550049	0.07996249198913574

702	0.25185132026672363	0.07596135139465332

703	0.25183701515197754	0.07809329032897949

704	0.25284385681152344	0.07196903228759766

705	0.2518444061279297	0.08294892311096191

706	0.25084757804870605	0.0736086368560791

707	0.24985575675964355	0.07495880126953125

708	0.2628593444824219	0.08095765113830566

709	0.26483678817749023	0.07824206352233887

710	0.24985289573669434	0.07495760917663574

711	0.25985145568847656	0.08070993423461914

712	0.2608368396759033	0.07595705986022949

713	0.2608346939086914	0.07396340370178223

714	0.25785183906555176	0.07995104789733887

715	0.26335930824279785	0.07494735717773438

716	0.25936245918273926	0.07595992088317871

717	0.31882357597351074	0.08295440673828125

718	0.27184224128723145	0.07497191429138184

719	0.2728390693664551	0.07796502113342285

720	0.2708404064178467	0.07919549942016602

721	0.27083873748779297	0.07371997833251953

722	0.2738795280456543	0.08095693588256836

723	0.30181169509887695	0.07419872283935547

724	0.2728431224822998	0.0789494514465332

725	0.2748372554779053	0.07889580726623535

726	0.2788374423980713	0.07135367393493652

727	0.2843644618988037	0.0731513500213623

728	0.29181838035583496	0.07508730888366699

729	0.27983617782592773	0.07095527648925781

730	0.2778434753417969	0.07595372200012207

731	0.27583956718444824	0.0753929615020752

732	0.2798340320587158	0.07395148277282715

733	0.27584195137023926	0.08325386047363281

734	0.28783512115478516	0.07296943664550781

735	0.2888202667236328	0.07520508766174316

736	0.29634737968444824	0.08067846298217773

737	0.28781700134277344	0.07395720481872559

738	0.2868225574493408	0.07819509506225586

739	0.28474926948547363	0.07795500755310059

740	0.2883574962615967	0.07596254348754883

741	0.29182863235473633	0.07722902297973633

742	0.2878413200378418	0.07936620712280273

743	0.29781603813171387	0.07601618766784668

744	0.294830322265625	0.08220386505126953

745	0.2963571548461914	0.07595133781433105

746	0.2988252639770508	0.07546496391296387

747	0.30182743072509766	0.0799565315246582

748	0.30381298065185547	0.07896184921264648

749	0.30634307861328125	0.08113551139831543

750	0.33480358123779297	0.08591413497924805

751	0.31182003021240234	0.07996606826782227

752	0.3617899417877197	0.09094953536987305

753	0.3847980499267578	0.08895587921142578

754	0.34031248092651367	0.0767831802368164

755	0.3068249225616455	0.08429098129272461

756	0.31182074546813965	0.07896018028259277

757	0.3128201961517334	0.08194851875305176

758	0.3178112506866455	0.08291196823120117

759	0.32080864906311035	0.07896065711975098

760	0.32181668281555176	0.07996106147766113

761	0.3228154182434082	0.08495473861694336

762	0.32181215286254883	0.08096122741699219

763	0.3298032283782959	0.08195066452026367

764	0.3227858543395996	0.08395266532897949

765	0.32680463790893555	0.08095192909240723

766	0.332813024520874	0.09130597114562988

767	0.3287835121154785	0.07895541191101074

768	0.3268132209777832	0.08109784126281738

769	0.3527700901031494	0.08975863456726074

770	0.41675734519958496	0.09794306755065918

771	0.3428010940551758	0.09026145935058594

772	0.3318030834197998	0.08750581741333008

773	0.32880187034606934	0.08095479011535645

774	0.3377988338470459	0.08294987678527832

775	0.3288125991821289	0.08887839317321777

776	0.36178135871887207	0.08470463752746582

777	0.34679341316223145	0.0904092788696289

778	0.3437957763671875	0.08295869827270508

779	0.343796968460083	0.08595514297485352

780	0.33980822563171387	0.08521652221679688

781	0.34279370307922363	0.08394885063171387

782	0.33732128143310547	0.08721446990966797

783	0.34279918670654297	0.0860438346862793

784	0.3457953929901123	0.08195281028747559

785	0.3437979221343994	0.08590435981750488

786	0.3497958183288574	0.08594322204589844

787	0.3537936210632324	0.08594608306884766

788	0.35379791259765625	0.09009933471679688

789	0.3547980785369873	0.08395028114318848

790	0.35079503059387207	0.09034109115600586

791	0.35280418395996094	0.08753037452697754

792	0.35078930854797363	0.0852513313293457

793	0.35880136489868164	0.08639049530029297

794	0.36378026008605957	0.08931899070739746

795	0.3697826862335205	0.08295321464538574

796	0.3707873821258545	0.08682966232299805

797	0.36775946617126465	0.0853583812713623

798	0.36179590225219727	0.08508181571960449

799	0.3662900924682617	0.09135174751281738

800	0.3613002300262451	0.08695816993713379

801	0.36779236793518066	0.08985614776611328

802	0.3617887496948242	0.08678054809570312

803	0.3717925548553467	0.08796024322509766

804	0.37178802490234375	0.08895516395568848

805	0.3757593631744385	0.08993911743164062

806	0.3717799186706543	0.0869598388671875

807	0.37477993965148926	0.08887314796447754

808	0.392772912979126	0.0893094539642334

809	0.3967709541320801	0.08802008628845215

810	0.38677549362182617	0.09635591506958008

811	0.38777732849121094	0.09694361686706543

812	0.3977639675140381	0.09243321418762207

813	0.3817894458770752	0.09294295310974121

814	0.38576674461364746	0.09095191955566406

815	0.37677741050720215	0.09516406059265137

816	0.3858063220977783	0.09459400177001953

817	0.4027695655822754	0.09496235847473145

818	0.390779972076416	0.0939338207244873

819	0.39179348945617676	0.09395551681518555

820	0.4032900333404541	0.09195113182067871

821	0.39429354667663574	0.09897804260253906

822	0.3987607955932617	0.09533214569091797

823	0.402752161026001	0.1009364128112793

824	0.4037630558013916	0.09611964225769043

825	0.4097714424133301	0.09295248985290527

826	0.39977335929870605	0.09606432914733887

827	0.40076613426208496	0.09694480895996094

828	0.4057648181915283	0.0926365852355957

829	0.4097626209259033	0.09830117225646973

830	0.40876030921936035	0.09442448616027832

831	0.4097597599029541	0.09594154357910156

832	0.400768518447876	0.1021277904510498

833	0.40375733375549316	0.09493684768676758

834	0.39876842498779297	0.097564697265625

835	0.411757230758667	0.09658145904541016

836	0.41875481605529785	0.09695100784301758

837	0.41875123977661133	0.09994983673095703

838	0.4177589416503906	0.09843802452087402

839	0.4177565574645996	0.09594225883483887

840	0.4147660732269287	0.09383916854858398

841	0.4247457981109619	0.0982825756072998

842	0.4267582893371582	0.09694981575012207

843	0.4307570457458496	0.10035896301269531

844	0.42375755310058594	0.09695172309875488

845	0.42975831031799316	0.09877681732177734

846	0.43974852561950684	0.09994268417358398

847	0.4297478199005127	0.09994959831237793

848	0.4275846481323242	0.09621644020080566

849	0.4477269649505615	0.10195136070251465

850	0.43775391578674316	0.09694600105285645

851	0.4387490749359131	0.1029350757598877

852	0.43274903297424316	0.09878873825073242

853	0.44173097610473633	0.09594130516052246

854	0.45772862434387207	0.10264873504638672

855	0.4357161521911621	0.09894585609436035

856	0.44874072074890137	0.10390925407409668

857	0.44571948051452637	0.10393595695495605

858	0.43874549865722656	0.09895110130310059

859	0.45174217224121094	0.1018378734588623

860	0.4537389278411865	0.10277652740478516

861	0.45374274253845215	0.09837508201599121

862	0.4467508792877197	0.10066485404968262

863	0.4527418613433838	0.10284662246704102

864	0.457735538482666	0.10194253921508789

865	0.45873355865478516	0.10689735412597656

866	0.46473073959350586	0.09995269775390625

867	0.46472930908203125	0.10720396041870117

868	0.47270798683166504	0.1049497127532959

869	0.46073460578918457	0.10230684280395508

870	0.4727323055267334	0.10694432258605957

871	0.49723124504089355	0.10643124580383301

872	0.46973180770874023	0.10345840454101562

873	0.5027129650115967	0.10886049270629883

874	0.4662435054779053	0.10374307632446289

875	0.4762437343597412	0.10432195663452148

876	0.49971461296081543	0.10884356498718262

877	0.4827263355255127	0.10611200332641602

878	0.47269558906555176	0.10793828964233398

879	0.47725939750671387	0.10478067398071289

880	0.4777240753173828	0.10394573211669922

881	0.48320627212524414	0.10584497451782227

882	0.47772741317749023	0.1079411506652832

883	0.49371981620788574	0.10282158851623535

884	0.4857141971588135	0.10781311988830566

885	0.49370574951171875	0.1079864501953125

886	0.49370408058166504	0.10396623611450195

887	0.5242125988006592	0.10982561111450195

888	0.4947230815887451	0.10395550727844238

889	0.498687744140625	0.10494089126586914

890	0.49970364570617676	0.10693764686584473

891	0.4977090358734131	0.10294437408447266

892	0.5007133483886719	0.10806894302368164

893	0.5117001533508301	0.10596156120300293

894	0.5056920051574707	0.1031334400177002

895	0.5206682682037354	0.1066279411315918

896	0.5037174224853516	0.10594654083251953

897	0.5017132759094238	0.10296344757080078

898	0.5137090682983398	0.10938620567321777

899	0.5087063312530518	0.10421323776245117

900	0.5196986198425293	0.10995626449584961

901	0.5227055549621582	0.10839295387268066

902	0.5106849670410156	0.1059410572052002

903	0.5107064247131348	0.10694241523742676

904	0.5067000389099121	0.10793590545654297

905	0.5322184562683105	0.10894656181335449

906	0.5206995010375977	0.10793876647949219

907	0.5246789455413818	0.10882902145385742

908	0.5346889495849609	0.1069493293762207

909	0.532700777053833	0.10999155044555664

910	0.5276937484741211	0.1089315414428711

911	0.5306921005249023	0.10794568061828613

912	0.5276901721954346	0.10794520378112793

913	0.5366930961608887	0.11091041564941406

914	0.5336911678314209	0.10866904258728027

915	0.5356910228729248	0.10992908477783203

916	0.5386888980865479	0.10729241371154785

917	0.539741039276123	0.11155319213867188

918	0.5467469692230225	0.11476850509643555

919	0.5406930446624756	0.10993766784667969

920	0.5436911582946777	0.11329174041748047

921	0.5486841201782227	0.10794425010681152

922	0.5526766777038574	0.1128389835357666

923	0.552635669708252	0.11093711853027344

924	0.5481860637664795	0.11193299293518066

925	0.5576844215393066	0.1159520149230957

926	0.5486891269683838	0.1099400520324707

927	0.5646836757659912	0.11194491386413574

928	0.5616796016693115	0.11350750923156738

929	0.560673713684082	0.11723184585571289

930	0.5616717338562012	0.11493754386901855

931	0.5626840591430664	0.11843442916870117

932	0.5686805248260498	0.11094450950622559

933	0.5636773109436035	0.11440157890319824

934	0.580657958984375	0.11497330665588379

935	0.5736842155456543	0.10893607139587402

936	0.5886707305908203	0.11430025100708008

937	0.5746622085571289	0.11792850494384766

938	0.5776598453521729	0.11194586753845215

939	0.5696825981140137	0.11449956893920898

940	0.5816640853881836	0.1169888973236084

941	0.5876674652099609	0.1159355640411377

942	0.5956590175628662	0.12020444869995117

943	0.5886666774749756	0.11493945121765137

944	0.5946519374847412	0.11613631248474121

945	0.5836677551269531	0.11793398857116699

946	0.5806729793548584	0.11694145202636719

947	0.5996549129486084	0.11793327331542969

948	0.603644609451294	0.11692476272583008

949	0.5976579189300537	0.11594581604003906

950	0.6066429615020752	0.11766839027404785

951	0.6036529541015625	0.11998200416564941

952	0.6061751842498779	0.11895990371704102

953	0.6066570281982422	0.11992740631103516

954	0.612424373626709	0.11893844604492188

955	0.6226458549499512	0.12093830108642578

956	0.6121883392333984	0.12378525733947754

957	0.6189603805541992	0.12703943252563477

958	0.6221609115600586	0.13293170928955078

959	0.623647928237915	0.12792181968688965

960	0.6206514835357666	0.12094354629516602

961	0.6176416873931885	0.12693357467651367

962	0.6246471405029297	0.1255178451538086

963	0.6246287822723389	0.11893463134765625

964	0.6256351470947266	0.1277306079864502

965	0.6336348056793213	0.12493395805358887

966	0.6396400928497314	0.12692832946777344

967	0.6336307525634766	0.12818217277526855

968	0.6326358318328857	0.12093472480773926

969	0.6396167278289795	0.12592601776123047

970	0.6346473693847656	0.12592864036560059

971	0.6391534805297852	0.12293744087219238

972	0.648679256439209	0.13073515892028809

973	0.6606183052062988	0.13192486763000488

974	0.6482334136962891	0.12593340873718262

975	0.6536800861358643	0.12995147705078125

976	0.6516337394714355	0.12093520164489746

977	0.6536271572113037	0.12493634223937988

978	0.6556191444396973	0.12691473960876465

979	0.6566240787506104	0.12393069267272949

980	0.6586201190948486	0.1262199878692627

981	0.6606218814849854	0.12792706489562988

982	0.6586170196533203	0.12393927574157715

983	0.6651420593261719	0.12692546844482422

984	0.6651432514190674	0.1294384002685547

985	0.6726210117340088	0.1279280185699463

986	0.6819818019866943	0.17410850524902344

987	0.6738667488098145	0.12592697143554688

988	0.6686248779296875	0.13301515579223633

989	0.6736078262329102	0.13193726539611816

990	0.6736512184143066	0.13094592094421387

991	0.6826112270355225	0.12993288040161133

992	0.6844906806945801	0.13048815727233887

993	0.6885969638824463	0.1299428939819336

994	0.6896402835845947	0.13092923164367676

995	0.6816072463989258	0.12781047821044922

996	0.6955957412719727	0.12693405151367188

997	0.6955916881561279	0.13210010528564453

998	0.710597038269043	0.12892508506774902

999	0.7025988101959229	0.12992501258850098